<?xml version="1.0"?>
<opencv_storage>
<calibrationDate>"Fri Jan 18 11:42:22 2019"</calibrationDate>
<framesCount>17</framesCount>
<cameraResolution>
  1280 720</cameraResolution>
<cameraMatrix type_id="opencv-matrix">
  <rows>3</rows>
  <cols>3</cols>
  <dt>d</dt>
  <data>
    650.6888 0. 394.8389 0.
    651.3761 287.1313 0. 0. 1.</data></cameraMatrix>
<cameraMatrix_std_dev type_id="opencv-matrix">
  <rows>4</rows>
  <cols>1</cols>
  <dt>d</dt>
  <data>
    0. 8.6100271368103201e+00 2.3177045882077327e+00
    1.7739247372135216e+00</data></cameraMatrix_std_dev>
<dist_coeffs type_id="opencv-matrix">
  <rows>1</rows>
  <cols>5</cols>
  <dt>d</dt>
  <data>
    1.5387629774886680e-01 -3.6924647581960701e-01 -1.5490127845037371e-03 1.9143037743890441e-04
    1.8805716284293422e-01</data></dist_coeffs>
<dist_coeffs_std_dev type_id="opencv-matrix">
  <rows>5</rows>
  <cols>1</cols>
  <dt>d</dt>
  <data>
    1.5360218376084721e-02 6.7643401311337600e-02 0. 0.
    1.0847484793262846e-01</data></dist_coeffs_std_dev>
<avg_reprojection_error>4.2138721180043692e-01</avg_reprojection_error>
</opencv_storage>
